### var1 :  el_sc_eta 
### var2 :  el_pt 
  -2.500	  -2.000	 +35.000	 +50.000	0.611	0.001	0.738	0.001	0.610	0.616	0.744	-1.000
  -2.000	  -1.566	 +35.000	 +50.000	0.690	0.001	0.794	0.001	0.689	0.686	0.804	-1.000
  -1.566	  -1.444	 +35.000	 +50.000	0.586	0.001	0.648	0.002	0.586	0.612	0.664	-1.000
  -1.444	  -0.800	 +35.000	 +50.000	0.696	0.001	0.778	0.001	0.696	0.699	0.786	-1.000
  -0.800	  +0.000	 +35.000	 +50.000	0.736	0.001	0.796	0.001	0.736	0.739	0.800	-1.000
  +0.000	  +0.800	 +35.000	 +50.000	0.721	0.001	0.791	0.001	0.722	0.724	0.798	-1.000
  +0.800	  +1.444	 +35.000	 +50.000	0.666	0.001	0.759	0.001	0.667	0.670	0.772	-1.000
  +1.444	  +1.566	 +35.000	 +50.000	0.564	0.001	0.642	0.002	0.564	0.592	0.669	-1.000
  +1.566	  +2.000	 +35.000	 +50.000	0.672	0.001	0.798	0.001	0.672	0.673	0.807	-1.000
  +2.000	  +2.500	 +35.000	 +50.000	0.569	0.001	0.741	0.001	0.568	0.576	0.744	-1.000
  -2.500	  -2.000	 +50.000	 +70.000	0.717	0.002	0.820	0.002	0.711	0.748	0.824	-1.000
  -2.000	  -1.566	 +50.000	 +70.000	0.784	0.001	0.849	0.001	0.781	0.784	0.845	-1.000
  -1.566	  -1.444	 +50.000	 +70.000	0.641	0.003	0.701	0.003	0.637	0.641	0.668	-1.000
  -1.444	  -0.800	 +50.000	 +70.000	0.790	0.001	0.844	0.001	0.789	0.789	0.840	-1.000
  -0.800	  +0.000	 +50.000	 +70.000	0.799	0.001	0.856	0.001	0.798	0.801	0.855	-1.000
  +0.000	  +0.800	 +50.000	 +70.000	0.781	0.001	0.851	0.001	0.781	0.784	0.843	-1.000
  +0.800	  +1.444	 +50.000	 +70.000	0.769	0.001	0.828	0.001	0.767	0.770	0.825	-1.000
  +1.444	  +1.566	 +50.000	 +70.000	0.626	0.003	0.695	0.003	0.621	0.603	0.679	-1.000
  +1.566	  +2.000	 +50.000	 +70.000	0.781	0.001	0.854	0.001	0.780	0.784	0.852	-1.000
  +2.000	  +2.500	 +50.000	 +70.000	0.702	0.002	0.820	0.002	0.696	0.695	0.816	-1.000
  -2.500	  -2.000	 +70.000	+100.000	0.786	0.005	0.858	0.005	0.783	0.790	0.876	-1.000
  -2.000	  -1.566	 +70.000	+100.000	0.821	0.004	0.873	0.003	0.820	0.837	0.854	-1.000
  -1.566	  -1.444	 +70.000	+100.000	0.655	0.008	0.688	0.010	0.663	0.786	0.657	-1.000
  -1.444	  -0.800	 +70.000	+100.000	0.823	0.002	0.879	0.002	0.821	0.834	0.847	-1.000
  -0.800	  +0.000	 +70.000	+100.000	0.824	0.002	0.881	0.002	0.825	0.836	0.887	-1.000
  +0.000	  +0.800	 +70.000	+100.000	0.802	0.002	0.872	0.002	0.802	0.817	0.884	-1.000
  +0.800	  +1.444	 +70.000	+100.000	0.805	0.002	0.871	0.002	0.804	0.815	0.808	-1.000
  +1.444	  +1.566	 +70.000	+100.000	0.589	0.008	0.680	0.010	0.640	0.681	0.727	-1.000
  +1.566	  +2.000	 +70.000	+100.000	0.821	0.004	0.878	0.003	0.820	0.842	0.869	-1.000
  +2.000	  +2.500	 +70.000	+100.000	0.790	0.005	0.863	0.004	0.782	0.798	0.835	-1.000
  -2.500	  -2.000	+100.000	+150.000	0.867	0.008	0.911	0.008	0.861	0.861	0.918	-1.000
  -2.000	  -1.566	+100.000	+150.000	0.886	0.006	0.927	0.006	0.883	0.884	0.868	-1.000
  -1.566	  -1.444	+100.000	+150.000	0.760	0.014	0.760	0.021	0.757	0.776	0.843	-1.000
  -1.444	  -0.800	+100.000	+150.000	0.890	0.003	0.922	0.004	0.887	0.887	0.926	-1.000
  -0.800	  +0.000	+100.000	+150.000	0.893	0.002	0.920	0.003	0.889	0.891	0.871	-1.000
  +0.000	  +0.800	+100.000	+150.000	0.877	0.003	0.919	0.003	0.872	0.877	0.898	-1.000
  +0.800	  +1.444	+100.000	+150.000	0.873	0.003	0.911	0.004	0.869	0.870	0.930	-1.000
  +1.444	  +1.566	+100.000	+150.000	0.745	0.015	0.828	0.018	0.741	0.748	0.889	-1.000
  +1.566	  +2.000	+100.000	+150.000	0.895	0.006	0.936	0.006	0.887	0.893	0.921	-1.000
  +2.000	  +2.500	+100.000	+150.000	0.854	0.009	0.926	0.008	0.856	0.854	0.863	-1.000
  -2.500	  -2.000	+150.000	+200.000	0.944	0.012	0.994	0.006	0.945	0.942	1.000	-1.000
  -2.000	  -1.566	+150.000	+200.000	0.948	0.009	0.955	0.011	0.939	0.947	0.980	-1.000
  -1.566	  -1.444	+150.000	+200.000	0.840	0.020	0.885	0.042	0.839	0.838	1.000	-1.000
  -1.444	  -0.800	+150.000	+200.000	0.940	0.005	0.976	0.005	0.936	0.944	0.946	-1.000
  -0.800	  +0.000	+150.000	+200.000	0.938	0.004	0.972	0.004	0.940	0.946	0.935	-1.000
  +0.000	  +0.800	+150.000	+200.000	0.935	0.004	0.965	0.005	0.932	0.935	0.952	-1.000
  +0.800	  +1.444	+150.000	+200.000	0.929	0.002	0.961	0.006	0.929	0.928	0.894	-1.000
  +1.444	  +1.566	+150.000	+200.000	0.905	0.024	0.896	0.036	0.889	0.899	0.664	-1.000
  +1.566	  +2.000	+150.000	+200.000	0.928	0.009	0.962	0.010	0.926	0.928	0.959	-1.000
  +2.000	  +2.500	+150.000	+200.000	0.930	0.014	0.976	0.012	0.930	0.930	1.000	-1.000
  -2.500	  -2.000	+200.000	+500.000	0.974	0.011	0.982	0.018	0.971	0.983	1.000	-1.000
  -2.000	  -1.566	+200.000	+500.000	0.983	0.007	0.990	0.007	0.980	0.983	1.000	-1.000
  -1.566	  -1.444	+200.000	+500.000	0.932	0.019	1.000	0.001	0.930	0.936	1.000	-1.000
  -1.444	  -0.800	+200.000	+500.000	0.985	0.003	0.998	0.002	0.985	0.991	0.981	-1.000
  -0.800	  +0.000	+200.000	+500.000	0.989	0.003	0.996	0.002	0.987	0.986	0.988	-1.000
  +0.000	  +0.800	+200.000	+500.000	0.986	0.003	0.988	0.004	0.982	0.986	0.987	-1.000
  +0.800	  +1.444	+200.000	+500.000	0.984	0.004	0.989	0.005	0.983	0.989	1.000	-1.000
  +1.444	  +1.566	+200.000	+500.000	0.946	0.020	1.000	0.001	0.946	0.946	1.000	-1.000
  +1.566	  +2.000	+200.000	+500.000	0.987	0.005	1.000	0.001	0.987	0.984	1.000	-1.000
  +2.000	  +2.500	+200.000	+500.000	0.975	0.012	0.986	0.014	0.972	0.968	1.000	-1.000
